type: "red_small_ball"
pose:
  position:
    x: 0.691377653471576
    y: 0.18947574544693063
    z: -0.3722214779677992
  orientation:
    x: -6.361077137741269e-05
    y: -0.1296507056009171
    z: -0.00246208010612771
    w: 0.9915566694104806
size:
  x: 0.019999999552965164
  y: 0.019999999552965164
  z: 0.019999999552965164
min:
  x: -0.009999999776482582
  y: -0.009999999776482582
  z: -0.009999999776482582
max:
  x: 0.009999999776482582
  y: 0.009999999776482582
  z: 0.009999999776482582
